$ANSIBLE_VAULT;1.1;AES256
39303330616163326665373337326635386164616335626366333638653464303532643530333762
6636626430613433623534373263633663303431316339640a613930623530623336373663323038
34666363393733363736323166343138656364373439366332623930633635616631386533306533
3666663833353931360a636163646163363661666330633636353532323333386432633037653131
65343530643931303834633961633934613037396336646439663163326635656238623936343165
66386165653839323231333761343663613965326538303032363935643433306366643763393665
30333033626162356564393439643866356266393362643664646365373535613764366130346438
33313330613163623339386130653032333962343235653135653431376165656163336531663162
61653763663162663933373236326365343365653233643830613237626639316666386530386434
33633136393637343863306261396334333533643233633236353531663066613637653236316632
31333435333835346364663638656266643230303163656362336566653638633361373532653834
34396162656135333337
